1010990
1040325
1058521
1088717
1143158
1177315
1223407
1257308
1262709
1271737
1301301
1326277
1382721
1405042
1405975
1408081
1444282
1455095
1480644
1498575
1551743
1555208
1577054
1577112
1580877
1616303
1618524
1631929
1636724
1640509
1641394
1648480
1654282
1660069
1662432
1679938
1684886
1686632
1686826
1688610
1734333
1742547
1744331
1755745
1768196
1791874
1803986
1839315
1843002
1848999
1861370
1867160
1867829
1891274
1914112
1922762
1928533
1942641
1969700
1970888
1978857
1978965
1983389
1989778
1998094
1998572
2005856
2007212
2008727
2011192
2012233
2025332
2033317
2074843
2085980
2126400
2139025
2178632
2184695
2187242
2191612
2200503
2203325
2211659
2217489
2217548
2219598
2219873
2222220
2223891
2227577
2230754
2231751
2233630
2240690
2243812
2249479
2258549
2265412
2269324
2270828
2276187
2282103
2283716
2286852
2287046
2289865
2292041
2296826
2297349
2300234
2303900
2309399
2310362
2314083
2319491
2324184
2329554
2330899
2332686
2333305
2333326
2338777
2339256
2341836
2342391
2353589
2358097
2362875
2366252
2370836
2377425
2383530
2385767
2388242
2388483
2388587
2391632
2392606
2394975
2397165
2400737
2405410
2407161
2407589
2411639
2417530
2422344
2424200
2425634
2430473
2431817
2434851
2436688
2437892
2442415
2443193
2443841
2445282
2447201
2452588
2453269
2457912
2457930
2461862
2461900
2462533
2463636
2464252
2468663
2469354
2470789
2475246
2478552
2481529
2497505
2498151
2503438
2505725
2511489
2511548
2515814
2517797
2517820
2520319
2521522
2530034
2538700
2542518
2544982
2548152
2551072
2557255
2561390
2562814
2563103
2565696
2569847
2571763
2573379
2573413
2574084
2577197
2577263
2578665
2580764
2586324
2590653
2593057
2593571
2596400
2597323
2599134
2603238
2608492
2615922
2616249
2616732
2626107
2628342
2628950
2628981
2630779
2631182
2636754
2638029
2638578
2644038
2646456
2647412
2648777
2651907
2653269
2653733
2658433
2660797
2661114
2661761
2663579
2664683
2667053
2667924
2669783
2672408
2676384
2680913
2681413
2681625
2682744
2684818
2686456
2688045
2689405
2692715
2692908
2697040
2700934
2700990
2701016
2701137
2701770
2701851
2701891
2701901
2705047
2709145
2712296
2712590
2712785
2714853
2716655
2720477
2721602
2726437
2731749
2731999
2733253
2735876
2737656
2739079
2740052
2743304
2755505
2757701
2758852
2761408
2763398
2766969
2771578
2776576
2780619
2786364
2788939
2801396
2803139
2807852
2807979
2813396
2819010
2832473
2838895
2839315
2842594
2844001
2844772
2849542
2861371
2865994
2870129
2871045
2871191
2871898
2875761
2878394
2881803
2883695
2883981
2885913
2886747
2890171
2891554
2896358
2900388
2902673
2902697
2902989
2907976
2913548
2914977
2916959
2919094
2921927
2922806
2923196
2923465
2924469
2927665
2932581
2933925
2934667
2936334
2937709
2938870
2941068
2944116
2945035
2945880
2947886
2948006
2948977
2953662
2960272
2960755
2962712
2962714
2965278
2969038
2969181
2971632
2971940
2973010
2973957
2979921
2980556
2980561
2980634
2983860
2984163
2984757
2984760
2985997
2986915
2988742
2989913
2996974
3002279
3003350
3006773
3007649
3009023
3009171
3011960
3013518
3015435
3016524
3017596
3017609
3018243
3018349
3018839
3019620
3033295
3039705
3041304
3041987
3052386
3053445
3058171
3061124
3066336
3066901
3067195
3069876
3072632
3073717
3079027
3080379
3080900
3081715
3082980
3085988
3089798
3090362
3091143
3092743
3094622
3095424
3104053
3105625
3106418
3106619
3110007
3111062
3113382
3115273
3115889
3118326
3119720
3122653
3129197
3136107
3136962
3137004
3137451
3137551
3139456
3140199
3140618
3142481
3147472
3151782
3152253
3152577
3165420
3166596
3168406
3169844
3185896
3190922
3191008
3192490
3192712
3194839
3195506
3196836
3196871
3196950
3197408
3200458
3201518
3204802
3205281
3209256
3209281
3209755
3210687
3211618
3218414
3218440
3219363
3220119
3220866
3225241
3230401
3233840
3235517
3236399
3236624
3236873
3238172
3238733
3239384
3240819
3241147
3243527
3247651
3248365
3249765
3254953
3256079
3256285
3256721
3257704
3258752
3258798
3260185
3261151
3265181
3271506
3273716
3273867
3274491
3274769
3275211
3276488
3279287
3279454
3280550
3280746
3280758
3281010
3286240
3288247
3288477
3290787
3291540
3293607
3295193
3298888
3299657
3301634
3302250
3303172
3303799
3304209
3305697
3308883
3310175
3313373
3317058
3317801
3318666
3321893
3324075
3324301
3324421
3324486
3326347
3326989
3328968
3329632
3331767
3331977
3339668
3339909
3342217
3343395
3344326
3344437
3345151
3346909
3348302
3348393
3348799
3351928
3354870
3354958
3355416
3357750
3358167
3358252
3358660
3358694
3358787
3362505
3363967
3365758
3367596
3368765
3369133
3369433
3369491
3371672
3372118
3372505
3374992
3375774
3376776
3380895
3381068
3381145
3382539
3383657
3383874
3384248
3389204
3389524
3389673
3393515
3393679
3394018
3396216
3396267
3398620
3398869
3398892
3399927
3403424
3404282
3404816
3405369
3406389
3407647
3409764
3410386
3413498
3413961
3416010
3417201
3417263
3418565
3418615
3418870
3420091
3420465
3420557
3421144
3421606
3424346
3425775
3428275
3429556
3429848
3429903
3431504
3432011
3432984
3433084
3433720
3434680
3435333
3436149
3437714
3437766
3438433
3438516
3439417
3439762
3441097
3441135
3441346
3442900
3444358
3445458
3446020
3446506
3447790
3447819
3448332
3450757
3452320
3452851
3453814
3453943
3454314
3454772
3456052
3456190
3457158
3458830
3459573
3459748
3460793
3462243
3463116
3465195
3468878
3469488
3470873
3471108
3472211
3472446
3472521
3474088
3478579
3480600
3481764
3482742
3483433
3485345
3486026
3486683
3486932
3489432
3490653
3492298
3492346
3492843
3493254
3493301
3494922
3495228
3496292
3497859
3497943
3498203
3498871
3499435
3500131
3500902
3501423
3504955
3505347
3505803
3507340
3508345
3508896
3509202
3513374
3513736
3514580
3515405
3516937
3517086
3517427
3519493
3519499
3521354
3521398
3523238
3523399
3524315
3524562
3525155
3527475
3529512
3530143
3535314
3535359
3535497
3539174
3539370
3539699
3540144
3543296
3543459
3543683
3544232
3544856
3545535
3546211
3547344
3548490
3548524
3548791
3549985
3553081
3553336
3553366
3554013
3554147
3554477
3556427
3556431
3557634
3557953
3558655
3558794
3559825
3560010
3560160
3561030
3561334
3562121
3562635
3563155
3564532
3565395
3566760
3566881
3567445
3568017
3568084
3568454
3568504
3568907
3568990
3570467
3570521
3570583
3570623
3570669
3570779
3571036
3571811
3571857
3572234
3572444
3572475
3573144
3573370
3573659
3573759
3574007
3574267
3574562
3575316
3576114
3577116
3577311
3577937
3578329
3579544
3579948
3580119
3581278
3582156
3582994
3584217
3584314
3587126
3588916
3590234
3590935
3591251
3592445
3592957
3595329
3599198
3600790
3602552
3602657
3603624
3603670
3603869
3604280
3605150
3605796
3607594
3607862
3608355
3608514
3608883
3609563
3611052
3611144
3613154
3614258
3619269
3624688
3626976
3629004
3629081
3631601
3632353
3632977
3633950
3634323
3634338
3634480
3634808
3635724
3637337
3638421
3639967
3640031
3640118
3641453
3642913
3644177
3644822
3645653
3645849
3648011
3652804
3653192
3653821
3654390
3657871
3658070
3658231
3658409
3659273
3663553
3665097
3666084
3670698
3671414
3673290
3684354
3690816
3694128
3694956
3697532
3698204
3699756
3702022
3705747
3711740
3712902
3713978
