1257308
1301301
1382721
1405975
1408081
1444282
1455095
1458262
1480644
1494278
1498575
1514967
1539556
1555208
1605140
1631929
1636724
1641394
1642148
1643751
1656099
1656250
1684886
1686632
1688610
1734333
1742547
1803986
1838560
1843002
1848999
1861370
1867829
1872170
1922762
1928533
1969700
1970888
1978965
1989778
1990706
1998094
1999880
1999997
2008727
2011192
2033317
2036111
2039882
2085980
2101244
2140005
2178632
2188695
2191612
2193813
2200210
2200223
2203325
2217489
2217548
2219598
2219873
2222200
2222220
2223891
2230754
2235581
2240359
2240690
2249479
2269324
2270689
2276187
2282103
2286852
2287046
2289865
2292041
2296290
2296826
2300234
2303900
2319491
2330899
2332686
2333305
2341836
2353589
2358097
2377425
2380176
2383530
2388242
2388483
2388587
2400007
2400737
2408419
2425634
2428711
2431817
2436688
2437892
2443841
2453269
2456432
2457590
2461862
2462533
2469354
2470789
2475246
2478552
2478895
2485510
2497505
2502552
2503187
2511489
2515814
2517797
2517820
2520319
2523226
2531382
2535651
2537549
2538700
2542518
2545655
2549669
2549968
2551072
25519
2553469
2555990
2561390
2563103
2564830
2570771
2573379
2573413
2577263
2578899
2590653
2596400
2597323
2603238
2623716
2638029
2638578
2640650
2646456
2648777
2653733
2659672
2660797
2661114
2661239
2661761
2663579
2669325
2669783
2671327
2676384
2680913
2684254
2684818
2686456
2689405
2689920
2692715
2694717
2697040
27001
2701137
2701770
2701851
2701891
2701901
2705047
2712785
2720477
2731110
2731999
2733253
2737140
2742444
2774327
2776576
2781788
2788939
27936
2801396
2807979
2808584
2811788
2813396
2815304
2819010
2827574
2831756
2832473
2838895
2844111
2848224
2849542
2850918
2853964
2870129
2870592
2871052
2871191
2871419
2871898
2881803
2883695
2883981
2886747
2890171
2900388
2902673
2902989
2903873
2906072
2906656
2906719
2907976
2913548
2913617
2916959
2919095
2921927
2922806
2923465
2927211
2927665
2932733
2934135
2936334
2938948
2941068
2941654
2941667
2942816
2944943
2945035
2947886
2952028
2952697
2953662
2960272
2965278
2969181
2971632
2973010
2973957
2977611
2978218
2983860
2989913
3001283
3001823
3002279
3006773
3009171
3012243
3012244
3016445
3016524
3017596
3017609
3018442
3018699
3024862
3035880
3039705
3039759
3041304
3052386
3052832
3053445
3059197
3059463
3061124
3063765
3066336
3067195
3074848
3079027
3080379
3080900
3081715
3085988
3086294
3088271
3089798
3090362
3091143
3097708
3098765
3099459
3102116
3113382
3114819
3124447
3127972
3137004
3140618
3142481
3148892
3149296
3156972
3165413
3168406
3185896
3188294
3188761
3188941
3189990
3190922
3192490
3192847
3194839
3197408
3199317
3201518
3205281
3209256
3209755
3211308
3215054
3218414
3219363
3236399
3236624
3236873
3238733
3239384
3239704
3241987
3244834
3245839
3247651
3247998
3248365
3256721
3258388
3258425
3258752
3265181
3267559
3268177
3271693
3274219
3275211
3280550
3280746
3289774
3291540
3291654
3294684
3298541
3302250
3305842
3308470
3310175
3317801
3318666
3326989
3333812
3334312
3339668
3341087
3344326
3344437
3344917
3345151
3346006
3348393
3351928
3354958
3358252
3367851
3372118
3372505
3375774
3376776
3380895
3382097
3384248
3393071
3396216
3398620
3398869
3399927
3405369
3406389
3407647
3409764
3410386
3411144
3412587
3413498
3413961
3416010
3418615
3418870
3420557
3421606
3424346
3425775
3428275
3429556
3429848
3432011
3432984
3434680
3435333
3437714
3437766
3438433
3441097
3441135
3441346
3444358
3445458
3452320
3452851
3454314
3456052
3459573
3460793
3462243
3463116
3463291
3465195
3467222
3469488
3470873
3472211
3475209
3478579
3482742
3483433
3486932
3487429
3489432
3489721
3490653
3492346
3493254
3493301
3495228
3496292
3497943
3500131
3507340
3508345
3508896
3509202
3513374
3513736
3514580
3517086
3519499
3521354
3521398
3523238
3524562
3530143
3532254
3535359
3539174
3539699
3543459
3543683
3544232
3544856
3545535
3547344
3548791
3549985
3553081
3554013
3554477
3556427
3558794
3560160
3561334
3563155
3566760
3567321
3567445
3568017
3568504
3568907
3570467
3570779
3572444
3572475
3573144
3573659
3574267
3576114
3577116
3577937
3578329
3580119
3582156
3584217
3588916
3590234
3590935
3591251
3602552
3602657
3603670
3603869
3604767
3605796
3608355
3608883
3609563
3611052
3613154
3629004
3631601
3632974
3632977
3634338
3634480
3635357
3635724
3637337
3640031
3641453
3642913
3645849
3653821
3654390
3657871
3658070
3658231
3659273
3670698
3673290
3686717
3702022
3712902
3770579
539404
1010990
1058521
2338777
2370836
1271737
2366252
1143158
1660069
1998572
2265412
2461900
2258549
2187242
2544982
2342391
2233630
1914112
2411639
2457930
2309399
2530034
2394975
1791874
2184695
1040325
2314083
2511548
2211659
2362875
1768196
2407589
1262709
2324184
1618524
2391632
1679938
1648480
1983389
1405042
1580877
2227577
2200503
1616303
1686826
1839315
1744331
2452588
1088717
1662432
2139025
1942641
2447201
1577112
2392606
1867160
2521522
2012233
1223407
1891274
1755745
2297349
2007212
2397165
2405410
2231751
1551743
2333326
1177315
2270828
2126400
1326277
1978857
2025332
2243812
2417530
2005856
1577054
2074843
1640509
2457912
1654282
2329554
2407161
2385767
2339256
2283716
2422344
2424200
2430473
2434851
2442415
2443193
2445282
2463636
2464252
2468663
2481529
2498151
2503438
2505725
2548152
2557255
2562814
2565696
2569847
2571763
2574084
2577197
2578665
2580764
2586324
2593057
2593571
2599134
2608492
2615922
2616249
2616732
2626107
2628342
2628950
2628981
2630779
2631182
2636754
2644038
2647412
2651907
2653269
2658433
2664683
2667053
2667924
2672408
2681413
2681625
2682744
2688045
2692908
2700934
2700990
2701016
2709145
2712296
2712590
2714853
2716655
2721602
2726437
2731749
2735876
2737656
2739079
2740052
2743304
2755505
2757701
2758852
2761408
2763398
2766969
2771578
2780619
2786364
2803139
2807852
2839315
2842594
2844001
2844772
2861371
2865994
2871045
2875761
2878394
2885913
2891554
2896358
2902697
2914977
2919094
2923196
2924469
2932581
2933925
2934667
2937709
2938870
2944116
2945880
2948006
2948977
2960755
2962712
2962714
2969038
2971940
2979921
2980556
2980561
2980634
2984163
2984757
2984760
2985997
2986915
2988742
2996974
3003350
3007649
3009023
3011960
3013518
3015435
3018243
3018349
3018839
3019620
3033295
3041987
3058171
3066901
3069876
3072632
3073717
3082980
3092743
3094622
3095424
3104053
3105625
3106418
3106619
3110007
3111062
3115273
3115889
3118326
3119720
3122653
3129197
3136107
3136962
3137451
3137551
3139456
3140199
3147472
3151782
3152577
3165420
3166596
3169844
3191008
3192712
3195506
3196836
3196871
3196950
3200458
3204802
3209281
3210687
3211618
3218440
3220119
3220866
3225241
3230401
3233840
3235517
3238172
3240819
3241147
3243527
3249765
3254953
3256079
3256285
3257704
3258798
3260185
3261151
3271506
3273716
3273867
3274491
3274769
3276488
3279287
3279454
3280758
3281010
3286240
3288247
3288477
3290787
3293607
3295193
3298888
3299657
3301634
3303172
3303799
3304209
3305697
3308883
3313373
3317058
3321893
3324075
3324301
3324421
3324486
3328968
3329632
3331767
3331977
3339909
3342217
3343395
3346909
3348302
3348799
3354870
3355416
3357750
3358167
3358660
3358694
3358787
3362505
3363967
3365758
3367596
3368765
3369133
3369433
3369491
3374992
3381068
3381145
3382539
3383657
3383874
3389204
3389524
3389673
3393515
3393679
3394018
3396267
3398892
3404282
3404816
3417201
3417263
3418565
3420465
3421144
3429903
3431504
3433084
3433720
3436149
3438516
3439417
3439762
3442900
3446020
3446506
3447790
3447819
3448332
3450757
3453814
3453943
3454772
3456190
3457158
3458830
3459748
3468878
3471108
3472446
3472521
3474088
3480600
3481764
3485345
3486026
3486683
3492298
3492843
3494922
3497859
3498203
3498871
3499435
3500902
3501423
3504955
3505347
3505803
3515405
3516937
3517427
3519493
3523399
3524315
3525155
3527475
3529512
3535314
3535497
3539370
3540144
3543296
3546211
3548490
3548524
3553336
3553366
3554147
3556431
3557634
3557953
3558655
3559825
3561030
3562121
3562635
3564532
3565395
3566881
3568084
3568454
3568990
3570521
3570583
3570623
3570669
3571036
3571811
3571857
3572234
3573370
3573759
3574007
3574562
3575316
3577311
3579544
3579948
3581278
3582994
3584314
3587126
3592445
3592957
3595329
3600790
3603624
3604280
3605150
3607594
3607862
3608514
3611144
3614258
3619269
3624688
3626976
3629081
3632353
3633950
3634323
3634808
3638421
3639967
3640118
3644177
3644822
3645653
3648011
3652804
3653192
3658409
3663553
3665097
3666084
3671414
3684354
3690816
3694956
3697532
3698204
3699756
3705747
3711740
3713978
